000 00 0c 00 04 64 6c 6d 73 00 00 00 00 7e a0 07 03 03 93 8c 11 7e
000 00 0c 00 04 64 6c 6d 73 00 00 00 00 7e a0 1e 03 03 73 40 cc 81 80 12 05 01 80 06 01 80 07 04 00 00 00 01 08 04 00 00 00 01 53 3b 7e
000 00 0c 00 04 64 6c 6d 73 00 00 00 00 7e a0 44 03 03 10 65 94 e6 e6 00 60 36 a1 09 06 07 60 85 74 05 08 01 01 8a 02 07 80 8b 07 60 85 74 05 08 02 01 ac 0a 80 08 30 31 32 33 34 35 36 37 be 10 04 0e 01 00 00 00 06 5f 1f 04 00 00 7e 1f 00 80 0b db 7e
000 00 0c 00 04 64 6c 6d 73 00 00 00 00 7e a0 37 03 03 30 ef ca e6 e7 00 61 29 a1 09 06 07 60 85 74 05 08 01 01 a2 03 02 01 00 a3 05 a1 03 02 01 00 be 10 04 0e 08 00 06 5f 1f 04 00 00 18 1d 00 7d 00 07 51 b3 7e
000 00 0c 00 04 64 6c 6d 73 00 00 00 00 7e a0 19 03 21 dc 1f d6 e6 e6 00 c0 01 c1 00 0f 00 00 28 00 00 ff 07 00 29 2d 7e
000 00 0c 00 04 64 6c 6d 73 00 00 00 00 7e a0 11 21 03 fc c5 b4 e6 e7 00 c4 01 c1 01 03 73 82 7e
000 00 0c 00 04 64 6c 6d 73 00 00 00 00 7e a0 19 03 03 ba ac c0 e6 e6 00 c0 01 c1 00 07 00 00 62 01 01 ff 03 00 a3 09 7e
000 00 0c 00 04 64 6c 6d 73 00 00 00 00 7e a8 89 03 03 da 45 17 e6 e7 00 c4 02 c1 00 00 00 00 01 00 81 80 01 3c 02 04 12 00 08 09 06 00 00 01 00 00 ff 0f 02 12 00 00 02 04 12 00 03 09 06 01 00 01 08 00 ff 0f 02 12 00 00 02 04 12 00 03 09 06 01 00 01 08 01 ff 0f 02 12 00 00 02 04 12 00 03 09 06 01 00 01 08 02 ff 0f 02 12 00 00 02 04 12 00 03 09 06 01 00 01 08 03 ff 0f 02 12 00 00 02 04 12 00 03 09 06 01 00 01 08 04 ff 0f 02 12 00 00 02 04 12 00 9d 2b 7e
000 00 0c 00 04 64 6c 6d 73 00 00 00 00 7e a0 07 03 03 d1 9a 70 7e
000 00 0c 00 04 64 6c 6d 73 00 00 00 00 7e a0 17 03 03 dc de 68 03 09 06 01 00 01 08 05 ff 0f 02 12 00 00 61 58 7e
000 00 0c 00 04 64 6c 6d 73 00 00 00 00 7e a0 13 03 03 fc 30 3b e6 e6 00 c0 02 c1 00 00 00 01 51 be 7e
000 00 0c 00 04 64 6c 6d 73 00 00 00 00 7e a8 89 03 03 fe 63 70 e6 e7 00 c4 02 c1 00 00 00 00 02 00 7e 02 04 12 00 03 09 06 01 00 01 08 06 ff 0f 02 12 00 00 02 04 12 00 03 09 06 01 00 01 08 0a ff 0f 02 12 00 00 02 04 12 00 03 09 06 01 00 02 08 00 ff 0f 02 12 00 00 02 04 12 00 03 09 06 01 00 02 08 01 ff 0f 02 12 00 00 02 04 12 00 03 09 06 01 00 02 08 02 ff 0f 02 12 00 00 02 04 12 00 03 09 06 01 00 02 08 03 ff 0f 02 12 00 00 02 04 12 00 03 09 06 b3 b2 7e
000 00 0c 00 04 64 6c 6d 73 00 00 00 00 7e a0 07 03 03 11 96 b6 7e
000 00 0c 00 04 64 6c 6d 73 00 00 00 00 7e a0 14 03 03 f0 7d a6 01 00 02 08 04 ff 0f 02 12 00 00 c7 dd 7e
000 00 0c 00 04 64 6c 6d 73 00 00 00 00 7e a0 13 03 03 3e 2e de e6 e6 00 c0 02 c1 00 00 00 02 ca 8c 7e
000 00 0c 00 04 64 6c 6d 73 00 00 00 00 7e a8 89 03 03 12 01 5d e6 e7 00 c4 02 c1 00 00 00 00 03 00 7e 02 04 12 00 03 09 06 01 00 02 08 05 ff 0f 02 12 00 00 02 04 12 00 03 09 06 01 00 02 08 06 ff 0f 02 12 00 00 02 04 12 00 03 09 06 01 00 02 08 0a ff 0f 02 12 00 00 02 04 12 00 03 09 06 01 00 05 08 00 ff 0f 02 12 00 00 02 04 12 00 03 09 06 01 00 05 08 01 ff 0f 02 12 00 00 02 04 12 00 03 09 06 01 00 05 08 02 ff 0f 02 12 00 00 02 04 12 00 03 09 06 1d 10 7e
000 00 0c 00 04 64 6c 6d 73 00 00 00 00 7e a0 07 03 03 51 92 f4 7e
000 00 0c 00 04 64 6c 6d 73 00 00 00 00 7e a0 14 03 03 14 57 07 01 00 05 08 03 ff 0f 02 12 00 00 3d f3 7e
000 00 0c 00 04 64 6c 6d 73 00 00 00 00 7e a0 13 03 03 70 54 75 e6 e6 00 c0 02 c1 00 00 00 03 43 9d 7e
000 00 0c 00 04 64 6c 6d 73 00 00 00 00 7e a8 89 03 03 36 27 3a e6 e7 00 c4 02 c1 00 00 00 00 04 00 7e 02 04 12 00 03 09 06 01 00 05 08 04 ff 0f 02 12 00 00 02 04 12 00 03 09 06 01 00 05 08 05 ff 0f 02 12 00 00 02 04 12 00 03 09 06 01 00 05 08 06 ff 0f 02 12 00 00 02 04 12 00 03 09 06 01 00 05 08 0a ff 0f 02 12 00 00 02 04 12 00 03 09 06 01 00 06 08 00 ff 0f 02 12 00 00 02 04 12 00 03 09 06 01 00 06 08 01 ff 0f 02 12 00 00 02 04 12 00 03 09 06 c0 8a 7e
000 00 0c 00 04 64 6c 6d 73 00 00 00 00 7e a0 07 03 03 91 9e 32 7e
000 00 0c 00 04 64 6c 6d 73 00 00 00 00 7e a0 14 03 03 38 39 ec 01 00 06 08 02 ff 0f 02 12 00 00 ef ba 7e
000 00 0c 00 04 64 6c 6d 73 00 00 00 00 7e a0 13 03 03 b2 4a 90 e6 e6 00 c0 02 c1 00 00 00 04 fc e9 7e
000 00 0c 00 04 64 6c 6d 73 00 00 00 00 7e a8 89 03 03 5a 4d 93 e6 e7 00 c4 02 c1 00 00 00 00 05 00 7e 02 04 12 00 03 09 06 01 00 06 08 03 ff 0f 02 12 00 00 02 04 12 00 03 09 06 01 00 06 08 04 ff 0f 02 12 00 00 02 04 12 00 03 09 06 01 00 06 08 05 ff 0f 02 12 00 00 02 04 12 00 03 09 06 01 00 06 08 06 ff 0f 02 12 00 00 02 04 12 00 03 09 06 01 00 06 08 0a ff 0f 02 12 00 00 02 04 12 00 03 09 06 01 00 07 08 00 ff 0f 02 12 00 00 02 04 12 00 03 09 06 d5 fe 7e
000 00 0c 00 04 64 6c 6d 73 00 00 00 00 7e a0 07 03 03 d1 9a 70 7e
000 00 0c 00 04 64 6c 6d 73 00 00 00 00 7e a0 14 03 03 5c 1b c9 01 00 07 08 01 ff 0f 02 12 00 00 7c 5f 7e
000 00 0c 00 04 64 6c 6d 73 00 00 00 00 7e a0 13 03 03 f4 78 b7 e6 e6 00 c0 02 c1 00 00 00 05 75 f8 7e
000 00 0c 00 04 64 6c 6d 73 00 00 00 00 7e a8 89 03 03 7e 6b f4 e6 e7 00 c4 02 c1 00 00 00 00 06 00 7e 02 04 12 00 03 09 06 01 00 07 08 02 ff 0f 02 12 00 00 02 04 12 00 03 09 06 01 00 07 08 03 ff 0f 02 12 00 00 02 04 12 00 03 09 06 01 00 07 08 04 ff 0f 02 12 00 00 02 04 12 00 03 09 06 01 00 07 08 05 ff 0f 02 12 00 00 02 04 12 00 03 09 06 01 00 07 08 06 ff 0f 02 12 00 00 02 04 12 00 03 09 06 01 00 07 08 0a ff 0f 02 12 00 00 02 04 12 00 03 09 06 1c 9d 7e
000 00 0c 00 04 64 6c 6d 73 00 00 00 00 7e a0 07 03 03 11 96 b6 7e
000 00 0c 00 04 64 6c 6d 73 00 00 00 00 7e a0 14 03 03 70 75 22 01 00 08 08 00 ff 0f 02 12 00 00 81 56 7e
000 00 0c 00 04 64 6c 6d 73 00 00 00 00 7e a0 13 03 03 36 66 52 e6 e6 00 c0 02 c1 00 00 00 06 ee ca 7e
000 00 0c 00 04 64 6c 6d 73 00 00 00 00 7e a8 89 03 03 92 09 d9 e6 e7 00 c4 02 c1 00 00 00 00 07 00 7e 02 04 12 00 03 09 06 01 00 08 08 01 ff 0f 02 12 00 00 02 04 12 00 03 09 06 01 00 08 08 02 ff 0f 02 12 00 00 02 04 12 00 03 09 06 01 00 08 08 03 ff 0f 02 12 00 00 02 04 12 00 03 09 06 01 00 08 08 04 ff 0f 02 12 00 00 02 04 12 00 03 09 06 00 01 5e 23 3e ff 0f 02 12 00 00 02 04 12 00 03 09 06 00 01 5e 23 3f ff 0f 02 12 00 00 02 04 12 00 03 09 06 6a 7a 7e
000 00 0c 00 04 64 6c 6d 73 00 00 00 00 7e a0 07 03 03 51 92 f4 7e
000 00 0c 00 04 64 6c 6d 73 00 00 00 00 7e a0 14 03 03 94 5f 83 01 00 08 08 0a ff 0f 02 12 00 00 d6 bf 7e
000 00 0c 00 04 64 6c 6d 73 00 00 00 00 7e a0 13 03 03 78 1c f9 e6 e6 00 c0 02 c1 00 00 00 07 67 db 7e
000 00 0c 00 04 64 6c 6d 73 00 00 00 00 7e a8 89 03 03 b6 2f be e6 e7 00 c4 02 c1 00 00 00 00 08 00 7e 02 04 12 00 04 09 06 01 00 01 06 01 ff 0f 02 12 00 00 02 04 12 00 04 09 06 01 00 01 06 01 ff 0f 05 12 00 00 02 04 12 00 04 09 06 01 00 01 06 02 ff 0f 02 12 00 00 02 04 12 00 04 09 06 01 00 01 06 02 ff 0f 05 12 00 00 02 04 12 00 04 09 06 01 00 01 06 03 ff 0f 02 12 00 00 02 04 12 00 04 09 06 01 00 01 06 03 ff 0f 05 12 00 00 02 04 12 00 04 09 06 15 4e 7e
000 00 0c 00 04 64 6c 6d 73 00 00 00 00 7e a0 07 03 03 91 9e 32 7e
000 00 0c 00 04 64 6c 6d 73 00 00 00 00 7e a0 14 03 03 b8 31 68 01 00 01 06 04 ff 0f 02 12 00 00 cd 3b 7e
000 00 0c 00 04 64 6c 6d 73 00 00 00 00 7e a0 13 03 03 ba 02 1c e6 e6 00 c0 02 c1 00 00 00 08 90 23 7e
000 00 0c 00 04 64 6c 6d 73 00 00 00 00 7e a0 5e 03 03 da 3c e2 e6 e7 00 c4 02 c1 01 00 00 00 09 00 48 02 04 12 00 04 09 06 01 00 01 06 04 ff 0f 05 12 00 00 02 04 12 00 04 09 06 01 00 01 06 05 ff 0f 02 12 00 00 02 04 12 00 04 09 06 01 00 01 06 05 ff 0f 05 12 00 00 02 04 12 00 04 09 06 01 00 01 06 06 ff 0f 02 12 00 00 db 1b 7e
000 00 0c 00 04 64 6c 6d 73 00 00 00 00 90 01 01 60 36 a1 09 06 07 60 85 74 05 08 01 01 8a 02 07 80 8b 07 60 85 74 05 08 02 01 ac 0a 80 08 30 31 32 33 34 35 36 37 be 10 04 0e 01 00 00 00 06 5f 1f 04 00 00 7e 1f 01 1c
000 00 0c 00 04 64 6c 6d 73 00 00 00 00 90 01 01 d8 01 01
000 00 0c 00 04 64 6c 6d 73 00 00 00 00 7e a0 07 03 03 53 80 d7 7e
000 00 0c 00 04 64 6c 6d 73 00 00 00 00 90 01 01 60 36 a1 09 06 07 60 85 74 05 08 01 01 8a 02 07 80 8b 07 60 85 74 05 08 02 01 ac 0a 80 08 30 31 32 33 34 35 36 37 be 10 04 0e 01 00 00 00 06 5f 1f 04 00 00 7e 1f 01 1c
000 00 0c 00 04 64 6c 6d 73 00 00 00 00 90 01 01 61 29 a1 09 06 07 60 85 74 05 08 01 01 a2 03 02 01 00 a3 05 a1 03 02 01 00 be 10 04 0e 08 00 06 5f 1f 04 00 00 18 1f 00 80 00 07
000 00 0c 00 04 64 6c 6d 73 00 00 00 00 90 01 01 c2 00 00 07 00 00 63 62 07 ff 02 01 01 02 02 09 0c 07 e2 03 0c 01 11 30 27 00 00 00 00 11 01
000 00 0c 00 04 64 6c 6d 73 00 00 00 00 90 01 01 c1 01 c1 00 08 00 00 01 00 00 ff 02 00 09 0c 07 e2 02 06 ff 09 1d 02 00 00 00 00
000 00 0c 00 04 64 6c 6d 73 00 00 00 00 90 01 01 c5 01 c1 00
000 00 0c 00 04 64 6c 6d 73 00 00 00 00 90 01 01 c3 01 c1 00 09 00 00 0a 00 00 ff 01 01 12 00 01
000 00 0c 00 04 64 6c 6d 73 00 00 00 00 90 01 01 c7 01 c1 00
000 00 0c 00 04 64 6c 6d 73 00 00 00 00 90 01 01 62 00
000 00 0c 00 04 64 6c 6d 73 00 00 00 00 60 66 a1 09 06 07 60 85 74 05 08 01 03 a6 0a 04 08 4d 4d 4d 00 00 bc 61 4e 8a 02 07 80 8b 07 60 85 74 05 08 02 01 ac 0a 80 08 31 32 33 34 35 36 37 38 be 34 04 32 21 30 30 01 23 45 67 80 13 02 ff 8a 78 74 13 3d 41 4c ed 25 b4 25 34 d2 8d b0 04 77 20 60 6b 17 5b d5 22 11 be 68 41 db 20 4d 39 ee 6f db 8e 35 68 55
000 00 0c 00 04 64 6c 6d 73 00 00 00 00 61 48 a1 09 06 07 60 85 74 05 08 01 03 a2 03 02 01 00 a3 05 a1 03 02 01 00 a4 0a 04 08 4d 4d 4d 00 00 bc 61 4e be 23 04 21 28 1f 30 01 23 45 67 89 12 14 a0 84 5e 47 57 14 38 3f 65 bc 19 74 5c a2 35 90 65 25 e4 f3 e1 c8 93
000 00 0c 00 04 64 6c 6d 73 00 00 00 00 c8 1e 30 01 23 45 67 41 13 12 ff 93 5a 47 56 68 27 c4 67 bc 7d 82 5c 3b e4 a7 7c 3f cc 05 6b 6b
000 00 0c 00 04 64 6c 6d 73 00 00 00 00 62 39 80 01 00 be 34 04 32 21 30 30 01 23 45 67 80 13 02 ff 8a 78 74 13 3d 41 4c ed 25 b4 25 34 d2 8d b0 04 77 20 60 6b 17 5b d5 22 11 be 68 41 db 20 4d 39 ee 6f db 8e 35 68 55
000 00 0c 00 04 64 6c 6d 73 00 00 00 00 63 28 80 01 00 be 23 04 21 28 1f 30 01 23 45 67 89 12 14 a0 84 5e 47 57 14 38 3f 65 bc 19 74 5c a2 35 90 65 25 e4 f3 e1 c8 93
